0 0 0.5429298265625 0.0655625 0.5429298265625 0.0655625 0.3029331625 0 0.3029331625 0 0.5429298265625
0 0.11556249999999998 0.301153803125 0.0433125 0.301153803125 0.0433125 0.5375917484375 0.11556249999999998 0.5375917484375 0.11556249999999998 0.301153803125
0 0.1525625 0.294036365625 0.1003125 0.294036365625 0.1003125 0.5269155921875 0.1525625 0.5269155921875 0.1525625 0.294036365625
0 0.2145625 0.294036365625 0.1583125 0.294036365625 0.1583125 0.5197981546875 0.2145625 0.5197981546875 0.2145625 0.294036365625
0 0.2625625 0.28869828750000004 0.2143125 0.28869828750000004 0.2143125 0.5215775140625001 0.2625625 0.5215775140625001 0.2625625 0.28869828750000004
0 0.3265625 0.28691892812500003 0.2763125 0.28691892812500003 0.2763125 0.5197981546875 0.3265625 0.5197981546875 0.3265625 0.28691892812500003
0 0.3805625 0.28158085 0.3303125 0.28158085 0.3303125 0.514460075 0.3805625 0.514460075 0.3805625 0.28158085
0 0.3833125 0.51090135625 0.421875 0.51090135625 0.421875 0.28158085 0.3833125 0.28158085 0.3833125 0.51090135625
1 0.538671875 0.01085069375 0.415625 0.01085069375 0.415625 0.58984375 0.538671875 0.58984375 0.538671875 0.01085069375
0 0.2953125 0.80859375 0.2953125 0.58828125 0.0078125 0.58828125 0.0078125 0.80859375 0.2953125 0.80859375
1 0.421875 1 0.421875 0.58828125 0.0046875 0.58828125 0.0046875 1 0.421875 1
0 0.809375 0.80703125 0.7109375 0.80703125 0.7109375 0.87734375 0.809375 0.87734375 0.809375 0.80703125
1 0.846875 0.77890625 0.715625 0.77890625 0.715625 0.88046875 0.846875 0.88046875 0.846875 0.77890625