0 0.081 0.72064056875 0.011 0.72064056875 0.011 0.9555160140625001 0.081 0.9555160140625001 0.081 0.72064056875
0 0.13899999999999998 0.7099644125 0.065 0.7099644125 0.065 0.9483985765625 0.13899999999999998 0.9483985765625 0.13899999999999998 0.7099644125
0 0.189 0.708185053125 0.123 0.708185053125 0.123 0.9430604984375 0.189 0.9430604984375 0.189 0.708185053125
0 0.22599999999999998 0.701067615625 0.18 0.701067615625 0.18 0.9323843421875001 0.22599999999999998 0.9323843421875001 0.22599999999999998 0.701067615625
0 0.288 0.701067615625 0.238 0.701067615625 0.238 0.9252669046875001 0.288 0.9252669046875001 0.288 0.701067615625
0 0.33599999999999997 0.6957295375 0.294 0.6957295375 0.294 0.9270462640625 0.33599999999999997 0.9270462640625 0.33599999999999997 0.6957295375
0 0.4 0.6939501781249999 0.356 0.6939501781249999 0.356 0.9252669046875001 0.4 0.9252669046875001 0.4 0.6939501781249999
0 0.454 0.6886121000000001 0.41 0.6886121000000001 0.41 0.9199288250000001 0.454 0.9199288250000001 0.454 0.6886121000000001
0 0.497 0.6886121000000001 0.46299999999999997 0.6886121000000001 0.46299999999999997 0.9163701062499999 0.497 0.9163701062499999 0.497 0.6886121000000001
0 0.5599999999999999 0.679715303125 0.52 0.679715303125 0.52 0.914590746875 0.5599999999999999 0.914590746875 0.5599999999999999 0.679715303125
0 0.604 0.6957295375 0.576 0.6957295375 0.576 0.92348754375 0.604 0.92348754375 0.604 0.6957295375
0 0.646 0.697508896875 0.61 0.697508896875 0.61 0.907473309375 0.646 0.907473309375 0.646 0.697508896875
0 0.6980000000000001 0.6939501781249999 0.654 0.6939501781249999 0.654 0.921708184375 0.6980000000000001 0.921708184375 0.6980000000000001 0.6939501781249999
0 0.731 0.6939501781249999 0.6950000000000001 0.6939501781249999 0.6950000000000001 0.8683274015625001 0.731 0.8683274015625001 0.731 0.6939501781249999
0 0.79 0.6957295375 0.74 0.6957295375 0.74 0.90213523125 0.79 0.90213523125 0.79 0.6957295375
0 0.841 0.715302490625 0.783 0.715302490625 0.783 0.921708184375 0.841 0.921708184375 0.841 0.715302490625
0 0.875 0.7277580078125 0.835 0.7277580078125 0.835 0.9056939500000001 0.875 0.9056939500000001 0.875 0.7277580078125
0 0.922 0.7366548046875 0.8800000000000001 0.7366548046875 0.8800000000000001 0.9110320281250001 0.922 0.9110320281250001 0.922 0.7366548046875
0 0.966 0.7580071171875 0.93 0.7580071171875 0.93 0.914590746875 0.966 0.914590746875 0.966 0.7580071171875