0 1 0.00078125 0.8000409812499999 0.00078125 0.7030003140625001 0.062550996875 0.691019984375 0.081975446875 0.6590724406249999 0.0761481125 0.648090471875 0.0907164484375 0.64609375 0.15675957499999998 0.6660609656250001 0.2461120390625 0.684031459375 0.27719115781250003 0.702001953125 0.2849609375 0.7648986812499999 0.2509681515625 1 0.1016842546875 1 0.00078125
0 0.38978125 0.735528803125 0.32578125 0.735528803125 0.32578125 0.9688417484375 0.38978125 0.9688417484375 0.38978125 0.735528803125
0 0.42678125 0.728411365625 0.37296874999999996 0.728411365625 0.37296874999999996 0.9581655921875001 0.42678125 0.9581655921875001 0.42678125 0.728411365625
0 0.48878125 0.728411365625 0.43096875 0.728411365625 0.43096875 0.9510481546875 0.48878125 0.9510481546875 0.48878125 0.728411365625
0 0.53678125 0.7230732875 0.48696875000000006 0.7230732875 0.48696875000000006 0.9528275140625 0.53678125 0.9528275140625 0.53678125 0.7230732875
0 0.60078125 0.7212939281249999 0.54896875 0.7212939281249999 0.54896875 0.9510481546875 0.60078125 0.9510481546875 0.60078125 0.7212939281249999
0 0.65478125 0.7159558500000001 0.6029687499999999 0.7159558500000001 0.6029687499999999 0.945710075 0.65478125 0.945710075 0.65478125 0.7159558500000001
0 0.69778125 0.7159558500000001 0.65596875 0.7159558500000001 0.65596875 0.9421513562499999 0.69778125 0.9421513562499999 0.69778125 0.7159558500000001
0 0.76078125 0.707059053125 0.71296875 0.707059053125 0.71296875 0.940371996875 0.76078125 0.940371996875 0.76078125 0.707059053125
0 0.8047812499999999 0.7230732875 0.76896875 0.7230732875 0.76896875 0.94926879375 0.8047812499999999 0.94926879375 0.8047812499999999 0.7230732875
0 0.84678125 0.724852646875 0.80296875 0.724852646875 0.80296875 0.933254559375 0.84678125 0.933254559375 0.84678125 0.724852646875
0 0.8987812500000001 0.7212939281249999 0.8469687499999999 0.7212939281249999 0.8469687499999999 0.947489434375 0.8987812500000001 0.947489434375 0.8987812500000001 0.7212939281249999
0 0.93178125 0.7212939281249999 0.88796875 0.7212939281249999 0.88796875 0.8941086515625001 0.93178125 0.8941086515625001 0.93178125 0.7212939281249999
0 0.9907812500000001 0.7230732875 0.93296875 0.7230732875 0.93296875 0.9279164812499999 0.9907812500000001 0.9279164812499999 0.9907812500000001 0.7230732875
0 1 0.742646240625 0.97596875 0.742646240625 0.97596875 0.947489434375 1 0.947489434375 1 0.742646240625