0 0.046875 0.300000 0.093750 0.162500
0 0.080469 0.343750 0.057813 0.147656
0 0.118750 0.510156 0.047656 0.203906
0 0.210156 0.382812 0.132812 0.225000
0 0.300000 0.264844 0.049219 0.180469
0 0.335938 0.371094 0.104688 0.110156
0 0.443750 0.214844 0.117188 0.227344
0 0.455469 0.345313 0.042188 0.120313
0 0.481250 0.459375 0.052344 0.175000
0 0.525781 0.421094 0.045312 0.165625
0 0.585938 0.409375 0.064062 0.230469
0 0.699219 0.335156 0.107031 0.281250
0 0.849219 0.412500 0.135156 0.181250
0 0.957812 0.406250 0.084375 0.184375
0 0.629687 0.271094 0.067969 0.073438
0 0.768750 0.276562 0.047656 0.071875
