0 0.073438 0.267969 0.121875 0.108594
0 0.147656 0.398438 0.288281 0.156250
0 0.348438 0.217188 0.102344 0.207031
0 0.442969 0.395313 0.218750 0.174219
0 0.189844 0.551562 0.290625 0.165625
0 0.057031 0.824219 0.039844 0.100781
0 0.191406 0.851562 0.043750 0.079687
0 0.287500 0.758594 0.078906 0.250781
0 0.405469 0.569531 0.142187 0.180469
0 0.514844 0.502344 0.075781 0.039844
0 0.552344 0.712500 0.059375 0.385937
0 0.511719 0.722656 0.021875 0.400781
0 0.581250 0.489063 0.057031 0.057813
0 0.614062 0.579688 0.059375 0.139844
0 0.685156 0.517969 0.085156 0.210938
0 0.734375 0.341406 0.139844 0.147656
0 0.821875 0.556250 0.183594 0.317969
