0 0.637500 0.489063 0.111719 0.462500
0 0.877344 0.121875 0.039062 0.243750
0 0.881250 0.329688 0.039844 0.117969
0 0.792969 0.145313 0.131250 0.288281
0 0.789844 0.373437 0.051562 0.167187
0 0.757031 0.357812 0.126562 0.257031
0 0.721094 0.364844 0.053906 0.113281
0 0.535937 0.165625 0.104688 0.331250
0 0.548438 0.503906 0.071094 0.344531
0 0.217969 0.107813 0.162500 0.214844
0 0.242969 0.358594 0.122656 0.287500
0 0.195312 0.606250 0.097656 0.211719
0 0.240625 0.727344 0.056250 0.138281
0 0.381250 0.333594 0.090625 0.578906
0 0.468750 0.343750 0.082031 0.678125
0 0.035156 0.286719 0.070312 0.176563
0 0.103906 0.106250 0.067969 0.094531
0 0.142187 0.794531 0.128906 0.247656
0 0.259375 0.900000 0.075781 0.075781
0 0.279687 0.724219 0.114062 0.263281
0 0.086719 0.161719 0.173437 0.323437
