0 0.312500 0.234375 0.071094 0.419531
0 0.194531 0.380469 0.091406 0.209375
0 0.110937 0.607031 0.071875 0.231250
0 0.178906 0.600781 0.058594 0.228906
0 0.241406 0.592187 0.067969 0.215625
0 0.303906 0.584375 0.051562 0.189062
0 0.385156 0.578906 0.104688 0.167187
0 0.387500 0.421875 0.084375 0.128906
0 0.489844 0.396094 0.112500 0.209375
0 0.493750 0.565625 0.115625 0.132812
0 0.591406 0.311719 0.104688 0.384375
0 0.697656 0.296094 0.170313 0.592187
0 0.828125 0.328906 0.090625 0.392188
0 0.730469 0.296094 0.102344 0.333594
0 0.210938 0.770312 0.100000 0.257031
0 0.781250 0.785156 0.046094 0.270313
0 0.839063 0.953906 0.067969 0.071875
