0 0.444531 0.158594 0.143750 0.242188
0 0.552344 0.249219 0.057813 0.251563
0 0.612500 0.462500 0.203906 0.173437
0 0.549219 0.633594 0.085156 0.169531
0 0.434375 0.362500 0.123438 0.169531
0 0.476562 0.528125 0.041406 0.159375
0 0.691406 0.830469 0.157812 0.180469
0 0.800781 0.857031 0.057031 0.153125
0 0.899219 0.916406 0.135156 0.038281
0 0.592187 0.912500 0.051562 0.065625
0 0.562500 0.788281 0.065625 0.092969
0 0.200000 0.867969 0.095312 0.155469
0 0.117188 0.886719 0.071094 0.127344
0 0.040625 0.886719 0.081250 0.123438
