0 0.471875 0.252344 0.064844 0.134375
0 0.585938 0.116406 0.042969 0.075000
0 0.517969 0.331250 0.066406 0.117969
0 0.606250 0.222656 0.046094 0.083594
0 0.505469 0.708594 0.034375 0.093750
0 0.592969 0.721875 0.116406 0.109375
0 0.710156 0.699219 0.114844 0.128906
0 0.692969 0.281250 0.127344 0.117188
0 0.590625 0.307812 0.078906 0.067187
0 0.678906 0.366406 0.097656 0.050781
0 0.491406 0.424219 0.067187 0.074219
0 0.453906 0.588281 0.057031 0.169531
0 0.509375 0.615625 0.050781 0.103125
0 0.595313 0.377344 0.085938 0.060156
0 0.622656 0.481250 0.170313 0.139063
0 0.557031 0.603125 0.043750 0.089844
0 0.622656 0.584375 0.083594 0.064844
0 0.576562 0.801562 0.076563 0.050000
0 0.370312 0.720313 0.390625 0.349219
0 0.182812 0.453125 0.097656 0.255469
0 0.142187 0.440625 0.031250 0.098437
0 0.235156 0.173437 0.123438 0.079687
