1 0.551562 0.225781 0.396875 0.148438
1 0.950781 0.311719 0.095312 0.262500
0 0.829688 0.335156 0.140625 0.306250
1 0.280469 0.381250 0.112500 0.189062
0 0.699219 0.405469 0.123438 0.206250
0 0.403125 0.411719 0.112500 0.145313
0 0.583594 0.452344 0.109375 0.210938
0 0.347656 0.510938 0.081250 0.126562
0 0.469531 0.536719 0.103125 0.090625
0 0.267969 0.550000 0.076563 0.109375
0 0.196875 0.566406 0.064062 0.104688
1 0.492188 0.096094 0.284375 0.145313
1 0.851562 0.110156 0.271875 0.131250
0 0.671094 0.137500 0.073438 0.060937
