1 0.524525 0.221519 0.416139 0.191456
1 0.932753 0.265032 0.117089 0.273734
0 0.816456 0.302215 0.174051 0.322785
1 0.268196 0.406646 0.132911 0.202532
0 0.692247 0.386867 0.145570 0.221519
0 0.394778 0.424051 0.128165 0.158228
0 0.580696 0.446203 0.132911 0.224684
0 0.349684 0.530063 0.094937 0.136076
0 0.475475 0.543513 0.113924 0.102848
0 0.273734 0.577532 0.088608 0.118671
0 0.203323 0.602057 0.075949 0.112342
1 0.450949 0.097310 0.302215 0.177215
1 0.814873 0.076741 0.287975 0.153481
0 0.636076 0.119462 0.080696 0.069620
