0 0.612500 0.261719 0.042188 0.060937
0 0.516406 0.263281 0.054688 0.092188
0 0.458594 0.273438 0.054688 0.079687
0 0.236719 0.278125 0.043750 0.067187
0 0.385156 0.286719 0.035937 0.056250
0 0.314844 0.292187 0.043750 0.067187
0 0.592969 0.310156 0.060937 0.100000
0 0.671094 0.317969 0.042188 0.060937
0 0.432812 0.337500 0.035937 0.059375
0 0.223438 0.349219 0.048438 0.073438
0 0.640625 0.356250 0.045312 0.076563
0 0.300000 0.379688 0.084375 0.146875
0 0.571094 0.385937 0.062500 0.103125
0 0.491406 0.389062 0.085938 0.151562
0 0.403906 0.404687 0.053125 0.082812
0 0.619531 0.425781 0.045312 0.078125
0 0.254688 0.442188 0.045312 0.073438
0 0.365625 0.456250 0.060937 0.112500
0 0.531250 0.488281 0.064062 0.095312
