0 0.118750 0.726562 0.062500 0.071875
0 0.190625 0.768750 0.075000 0.087500
0 0.250000 0.781250 0.068750 0.087500
0 0.184375 0.587500 0.143750 0.106250
0 0.792188 0.598437 0.053125 0.059375
0 0.817187 0.798438 0.109375 0.115625
0 0.898438 0.792188 0.065625 0.096875
0 0.931250 0.917188 0.125000 0.071875
0 0.765625 0.890625 0.062500 0.050000
0 0.498437 0.710938 0.065625 0.109375
0 0.432812 0.471875 0.065625 0.075000
0 0.039062 0.526563 0.065625 0.084375
0 0.059375 0.771875 0.081250 0.093750
0 0.362500 0.446875 0.068750 0.131250
