0 0.620313 0.196094 0.050000 0.065625
0 0.449219 0.311719 0.050000 0.089063
0 0.513281 0.309375 0.040625 0.062500
0 0.372656 0.364063 0.084375 0.129688
0 0.667188 0.275000 0.043750 0.056250
0 0.313281 0.417187 0.040625 0.062500
0 0.630469 0.308594 0.039062 0.051562
0 0.562500 0.353125 0.042188 0.067187
0 0.777344 0.292969 0.060937 0.085938
0 0.360938 0.444531 0.046875 0.064062
0 0.710156 0.346875 0.068750 0.125000
0 0.526563 0.417187 0.092188 0.171875
0 0.446094 0.445312 0.060937 0.115625
0 0.621094 0.403125 0.068750 0.103125
0 0.416406 0.504687 0.048438 0.081250
0 0.784375 0.395313 0.040625 0.062500
0 0.687500 0.442188 0.068750 0.103125
0 0.526563 0.524219 0.070312 0.110937
