0 0.910156 0.678906 0.076563 0.084375
0 0.843750 0.732812 0.090625 0.101562
0 0.785937 0.755469 0.085938 0.100000
0 0.821094 0.547656 0.164062 0.131250
0 0.203125 0.656250 0.064062 0.068750
0 0.209375 0.864844 0.129688 0.134375
0 0.125781 0.871094 0.082812 0.109375
0 0.125781 0.978125 0.114062 0.043750
0 0.277344 0.950000 0.073438 0.060937
0 0.520312 0.723437 0.085938 0.121875
0 0.549219 0.469531 0.079687 0.087500
0 0.958594 0.460938 0.081250 0.096875
0 0.964063 0.714063 0.071875 0.109375
0 0.616406 0.432812 0.092188 0.143750
