1 0.375000 0.752373 0.427215 0.250000
1 0.044304 0.565665 0.088608 0.280063
0 0.131329 0.572785 0.218354 0.337025
1 0.681171 0.671677 0.159810 0.215190
0 0.277690 0.537975 0.174051 0.234177
0 0.568829 0.609177 0.148734 0.170886
0 0.403481 0.522152 0.162975 0.235759
0 0.649525 0.526899 0.112342 0.145570
0 0.536392 0.469937 0.125000 0.115506
0 0.737342 0.509494 0.102848 0.126582
0 0.810918 0.511867 0.090190 0.118671
0 0.867880 0.505538 0.044304 0.055380
1 0.398734 0.893196 0.316456 0.213608
1 0.100475 0.786392 0.200949 0.199367
0 0.234968 0.807753 0.087025 0.079114
