0 0.443750 0.808594 0.050000 0.064062
0 0.611719 0.696094 0.048438 0.085938
0 0.547656 0.698438 0.040625 0.060937
0 0.685937 0.644531 0.082812 0.126562
0 0.398438 0.732031 0.042188 0.054688
0 0.743750 0.592969 0.040625 0.060937
0 0.500000 0.655469 0.042188 0.064062
0 0.291406 0.714844 0.057813 0.084375
0 0.697656 0.566406 0.046875 0.062500
0 0.357031 0.661719 0.067187 0.121875
0 0.535156 0.593750 0.090625 0.167187
0 0.614844 0.565625 0.059375 0.114062
0 0.443750 0.607031 0.068750 0.101562
0 0.642969 0.507031 0.046875 0.079687
0 0.283594 0.614062 0.040625 0.060937
0 0.378125 0.568750 0.068750 0.101562
0 0.535156 0.489063 0.070312 0.109375
