0 0.445312 0.766406 0.042188 0.057813
0 0.533594 0.735938 0.053125 0.087500
0 0.582812 0.710156 0.053125 0.078125
0 0.785937 0.639062 0.042188 0.064062
0 0.710156 0.649219 0.042188 0.064062
0 0.448437 0.716406 0.059375 0.096875
0 0.373437 0.732031 0.042188 0.057813
0 0.587500 0.642969 0.035937 0.059375
0 0.777344 0.569531 0.046875 0.070312
0 0.390625 0.688281 0.045312 0.073438
0 0.697656 0.564063 0.082812 0.142187
0 0.446094 0.639062 0.060937 0.100000
0 0.518750 0.612500 0.082812 0.145313
0 0.594531 0.571875 0.050000 0.081250
0 0.389844 0.617969 0.043750 0.076563
0 0.721094 0.492969 0.043750 0.070312
0 0.614062 0.512500 0.059375 0.109375
0 0.453125 0.533594 0.060937 0.092188
