0 0.658594 0.707812 0.040625 0.054688
0 0.567969 0.711719 0.053125 0.084375
0 0.514844 0.705469 0.050000 0.071875
0 0.307031 0.710156 0.039062 0.060937
0 0.378125 0.693750 0.039062 0.060937
0 0.636719 0.667188 0.057813 0.090625
0 0.710156 0.655469 0.040625 0.054688
0 0.290625 0.647656 0.046875 0.068750
0 0.678906 0.623437 0.043750 0.070312
0 0.360156 0.617969 0.081250 0.134375
0 0.612500 0.600000 0.057813 0.093750
0 0.536719 0.601562 0.081250 0.137500
0 0.454688 0.589844 0.048438 0.078125
0 0.654687 0.564063 0.040625 0.070312
0 0.313281 0.564844 0.043750 0.067187
0 0.416406 0.546875 0.059375 0.100000
0 0.567969 0.511719 0.059375 0.087500
