0 0.232813 0.100000 0.079687 0.070312
0 0.193750 0.177344 0.095312 0.084375
0 0.185156 0.239844 0.095312 0.078125
0 0.382812 0.157031 0.121875 0.157812
0 0.415625 0.792188 0.065625 0.060937
0 0.208594 0.832812 0.129688 0.121875
0 0.221094 0.917188 0.106250 0.075000
0 0.092188 0.946094 0.084375 0.107813
0 0.108594 0.785937 0.057813 0.068750
0 0.277344 0.494531 0.118750 0.076563
0 0.521875 0.408594 0.082812 0.073438
0 0.436719 0.019531 0.089063 0.039062
0 0.182031 0.052344 0.101562 0.068750
0 0.542188 0.333594 0.142187 0.081250
